3564620564435.0,2.0,0.0,0.329354,0.000697287,0.0114192,3677722471090.0
3564620564435.0,2.0,0.2,-0.0659924,3.78755,2.76368,3613208764544.0
3564620564435.0,2.0,0.0330249,-0.0227773,2.9792,3.09844,3631833813881.0
3564620564435.0,2.0,0.270708,0.00892524,4.36936,2.56642,3611962335661.0
3564620564435.0,2.0,0.2,0.000664399,7.77203,-1.04198,3592224443034.0
3564620564435.0,2.0,0.0,-0.0499759,2.02985,3.78146,3637881950583.0
3564620564435.0,2.0,0.681392,-0.00963604,0.675106,0.00229112,3670701441046.0
3564620564435.0,2.0,0.0,0.829743,-2.51426,14.6448,3569911074250.0
3564620564435.0,2.0,0.962273,0.0485252,11.1703,-0.70083,3587902135472.0
3564620564435.0,2.0,0.2,0.0214919,13.1686,-5.66516,3578206332098.0
3564620564435.0,2.0,0.0,0.0782839,2.77372,3.28304,3618670723876.0
3564620564435.0,2.0,0.0,0.0505928,2.92545,3.11735,3646889522148.0
3564620564435.0,2.0,0.0,0.508798,-14.2761,4.19379,3568156530565.0
3564620564435.0,2.0,0.0,-0.220628,2.58439,3.43117,3637158453227.0
3564620564435.0,2.0,0.37919,-0.281492,12.8828,-1.58653,3584718929434.0
3564620564435.0,2.0,0.0691291,-0.00999955,0.024819,0.00984483,3671685447181.0
3564620564435.0,2.0,0.343841,0.129412,2.81427,1.18003,3666541215983.0
3564620564435.0,2.0,0.2,0.0631528,2.92187,2.68896,3661008553893.0
3564620564435.0,2.0,0.2,0.0967127,2.92344,1.99204,3663841771535.0
3564620564435.0,2.0,0.2,0.116183,2.89742,3.0647,3659288110050.0
3564620564435.0,2.0,0.0,-0.173058,-0.433115,4.26645,3654847046183.0
3564620564435.0,2.0,0.2,0.0112852,7.41698,-1.05999,3594032581156.0
3564620564435.0,2.0,0.2,0.000710661,7.62717,-1.0435,3593055579715.0
3564620564435.0,2.0,0.0,0.0706227,1.87237,3.86245,3638449517076.0
3564620564435.0,2.0,0.0,0.760746,4.08232,14.2467,3570459167941.0
3564620564435.0,2.0,0.303892,-0.147103,12.4488,-4.97296,3583486313182.0
3564620564435.0,2.0,0.2,0.0148566,2.98159,2.76694,3660161506236.0
3564620564435.0,2.0,0.562492,-0.049966,12.5365,0.643284,3585825956516.0
3564620564435.0,2.0,0.2,0.0252279,13.0998,-5.72246,3578472446630.0
3564620564435.0,2.0,0.0,-0.0535728,2.97865,3.06661,3645321620313.0
3564620564435.0,2.0,0.2,0.121733,2.90999,2.09874,3663550310613.0
3564620564435.0,2.0,0.2,0.00193126,4.57657,2.57366,3610865413127.0
3564620564435.0,2.0,0.61811,-0.0906471,6.80433,-1.14241,3596314593843.0
3564620564435.0,2.0,0.2,0.000630627,7.53985,-1.04986,3593485631519.0
3564620564435.0,2.0,0.2,-0.086456,12.3089,-5.54569,3582941798059.0
3564620564435.0,2.0,0.2,0.0435137,12.5307,-6.32869,3579905502560.0
3564620564435.0,2.0,0.2,0.0322537,2.96094,2.76873,3660299840881.0
3564620564435.0,2.0,0.2,0.111538,2.91565,1.83876,3664397032346.0
3564620564435.0,2.0,0.2,-0.0776269,3.33352,3.01762,3613909908207.0
3564620564435.0,2.0,0.308122,0.0237773,7.13765,-1.20692,3595321075092.0
3564620564435.0,2.0,0.2,0.0177495,13.4394,-5.45972,3577232104496.0
3564620564435.0,2.0,0.0,-0.041491,4.90938,2.43603,3607271965534.0
3564620564435.0,2.0,0.0,0.256769,14.5575,-2.77008,3572952819481.0
3564620564435.0,2.0,0.526708,-0.0101455,0.457948,0.00547796,3670958058868.0
3564620564435.0,2.0,0.0,-0.267488,5.29609,1.41195,3606424428853.0
3564620564435.0,2.0,0.0,0.776734,-0.0287536,0.0324529,3675911580181.0
3564620564435.0,2.0,0.2,-0.00653278,11.9388,-6.97162,3581131776845.0
3564620564435.0,2.0,0.977548,-0.000866347,8.84624,-1.04346,3589981402485.0
3564620564435.0,2.0,0.2,0.0353109,12.778,-6.05137,3579343531669.0
3564620564435.0,2.0,0.848891,0.0200855,1.39807,0.00551616,3669839768773.0
3564620564435.0,2.0,0.541161,0.139213,2.32891,0.231112,3668269143229.0
3564620564435.0,2.0,0.0,-0.0816418,4.96031,2.32818,3607128504263.0
3564620564435.0,2.0,0.673416,-0.0549874,6.67652,-0.995222,3596587646442.0
3564620564435.0,2.0,0.0,-0.328302,2.60557,3.3896,3652867981652.0
3564620564435.0,2.0,0.520659,-0.0745188,12.6005,0.518657,3585688800376.0
3564620564435.0,2.0,0.2,0.529074,1.88259,3.84027,3658852158024.0
3564620564435.0,2.0,0.2,0.000915678,7.59777,-1.04599,3593190648515.0
3564620564435.0,2.0,0.0,0.0826628,0.0010351,-0.00915731,3678565258735.0
3564620564435.0,2.0,0.2,-0.0750603,3.18127,3.11027,3614318593512.0
3564620564435.0,2.0,0.522269,0.226882,2.52405,0.443338,3667839872510.0
3564620564435.0,2.0,0.0,0.751705,-0.0182192,0.0172,3676323259099.0
3564620564435.0,2.0,0.2,-0.00905144,3.0431,2.84139,3659577593850.0
3564620564435.0,2.0,0.231328,-0.103733,12.3855,-5.24075,3583216171451.0
3564620564435.0,2.0,0.0,0.199457,-0.00446638,0.00320105,3678154290059.0
3564620564435.0,2.0,0.2,0.0366962,12.0627,-6.85304,3580860754043.0
3564620564435.0,2.0,0.0,0.0392823,1.89135,3.85241,3638293053329.0
3564620564435.0,2.0,0.272292,-0.0398905,5.70109,-0.438275,3598055043818.0
3564620564435.0,2.0,0.2,0.00015338,7.94535,-1.04215,3591121118783.0
3564620564435.0,2.0,0.532775,0.164195,2.39074,0.278434,3668111874409.0
3564620564435.0,2.0,0.0,0.539833,-14.0883,4.78691,3568275894119.0
3564620564435.0,2.0,0.548848,-0.0613274,6.91682,-1.24681,3596032525444.0
3564620564435.0,2.0,0.2,-0.000312081,7.88346,-1.04241,3591400533342.0
3564620564435.0,2.0,0.2,0.016195,13.4071,-5.48483,3577379296831.0
3564620564435.0,2.0,0.2,-0.00563086,3.01376,2.76551,3660001129767.0
3564620564435.0,2.0,0.190398,-0.00357068,4.77781,2.57615,3609851176041.0
3564620564435.0,2.0,0.0,0.0557729,2.82686,3.23365,3618970079957.0
3564620564435.0,2.0,0.0,0.111145,14.0212,-4.81669,3573366345378.0
3564620564435.0,2.0,0.410366,-0.240296,12.6634,-3.91615,3584027341740.0
3564620564435.0,2.0,0.2,0.0450697,12.4724,-6.39485,3580046103257.0
3564620564435.0,2.0,0.0,-0.230587,5.46975,0.332888,3605611623933.0
3564620564435.0,2.0,0.2,-0.0814983,11.9149,-6.82081,3581686159965.0
3564620564435.0,2.0,0.0,-0.258246,-0.0236588,4.2665,3654553027270.0
3564620564435.0,2.0,0.73276,-0.0441012,6.39379,-0.871565,3597043585246.0
3564620564435.0,2.0,0.198334,0.937594,-0.592034,4.2893,3658151196034.0
3564620564435.0,2.0,0.2,0.00871453,11.9903,-6.93082,3581013614481.0
3564620564435.0,2.0,0.82865,0.077935,11.5298,-0.385564,3587474202354.0
3564620564435.0,2.0,0.0,0.723978,-0.0363404,0.0246106,3675474856533.0
3564620564435.0,2.0,0.398374,-0.0964584,12.7613,0.0940506,3585277363040.0
3564620564435.0,2.0,0.0,0.0335541,2.75089,3.3024,3618268682223.0
3564620564435.0,2.0,0.0,0.470191,14.6778,2.00043,3572276434576.0
3564620564435.0,2.0,0.423144,-0.270714,12.781,-3.12039,3584301187991.0
3564620564435.0,2.0,0.2,0.0799784,2.89424,2.37284,3662551319564.0
3564620564435.0,2.0,0.2,0.214656,2.6395,3.31399,3659147807157.0
3564620564435.0,2.0,0.510153,0.282034,2.63042,0.656889,3667549705584.0
3564620564435.0,2.0,0.0,0.408077,-0.0540104,0.0121288,3674074770624.0
3564620564435.0,2.0,0.2,0.112133,2.91697,1.545,3665243102496.0
3564620564435.0,2.0,0.2,0.0547301,2.93824,2.75208,3660590981926.0
3564620564435.0,2.0,0.0,0.0317901,2.95436,3.09028,3647025122812.0
3564620564435.0,2.0,0.0,-0.0677666,3.04321,3.0307,3627637965362.0
3564620564435.0,2.0,0.2,0.0226893,13.1392,-5.68941,3578345135946.0
3564620564435.0,2.0,0.0,0.664876,-12.2447,8.44108,3568803483493.0
3564620564435.0,2.0,0.2,0.0747048,2.90164,2.52248,3661847594908.0
3564620564435.0,2.0,0.0,0.535719,13.9432,4.99439,3571865260857.0
3564620564435.0,2.0,0.0,0.248129,2.46139,3.51388,3639749571501.0
3564620564435.0,2.0,0.0,0.539998,11.6053,9.21815,3571315976518.0
3564620564435.0,2.0,0.0,0.518553,0.00200274,0.0162625,3677164019715.0
3564620564435.0,2.0,0.0,-0.160471,5.08817,2.03853,3606855890862.0
3564620564435.0,2.0,0.0,0.42091,0.0016243,0.0163668,3677438908389.0
3564620564435.0,2.0,0.2,0.00160873,7.70537,-1.04249,3592634089173.0
3564620564435.0,2.0,0.2,0.00120887,7.75231,-1.03858,3592362311472.0
3564620564435.0,2.0,0.2,0.00181222,4.45157,2.56505,3611540667067.0
3564620564435.0,2.0,0.0,-0.239659,5.24202,1.59877,3606562383444.0
3564620564435.0,2.0,0.2,-0.0228131,11.9098,-6.97415,3581269141546.0
3564620564435.0,2.0,0.0,0.5766,10.852,10.1032,3571176873569.0
3564620564435.0,2.0,0.2,0.0724681,2.90922,2.55317,3661711218998.0
3564620564435.0,2.0,0.2,-0.0835787,11.968,-6.67701,3581823962434.0
3564620564435.0,2.0,0.2,0.0519734,12.3536,-6.53322,3580318698648.0
3564620564435.0,2.0,0.2,0.113126,2.89466,2.18712,3663274201951.0
3564620564435.0,2.0,0.0,0.639231,-12.7277,7.69802,3568685498329.0
3564620564435.0,2.0,0.135504,0.0987906,-0.907241,4.20887,3657399088059.0
3564620564435.0,2.0,0.511739,-0.0964476,4.10391,2.5996,3612797615837.0
3564620564435.0,2.0,0.0901934,0.0031888,-0.884732,4.20746,3657127827143.0
3564620564435.0,2.0,0.0,0.743851,-0.0310097,0.0213359,3675616652093.0
3564620564435.0,2.0,0.588366,0.0715218,2.01236,0.083418,3668823296371.0
3564620564435.0,2.0,0.193433,0.838533,-0.76064,4.25828,3658010945362.0
3564620564435.0,2.0,0.483761,-0.113538,4.01454,2.64152,3612935481208.0
3564620564435.0,2.0,1.19097,0.00210094,9.34707,-1.04813,3589571114224.0
3564620564435.0,2.0,0.0,0.349348,-14.8044,1.55993,3567607554118.0
